service_id,monday,tuesday,wednesday,thursday,friday,saturday,sunday,start_date,end_date
2025541,0,0,0,0,0,0,0,20160226,20160624
12025363,0,0,0,0,0,0,0,20160223,20160701
2025372,0,0,0,0,0,0,0,20160130,20160528
2025391,0,0,0,0,0,0,0,20160129,20160415
12025387,0,0,0,0,0,0,0,20160507,20160723
12025367,0,0,0,0,0,0,0,20160605,20160724
12025385,0,0,0,0,0,0,0,20160716,20160716
12025541,0,0,0,0,0,0,0,20160227,20160625
12025361,0,0,0,0,0,0,0,20160705,20160726
12025340,0,0,0,0,0,0,0,20160606,20160725
12025343,0,0,0,0,0,0,0,20160328,20160516
2025367,0,0,0,0,0,0,0,20160604,20160723
1546589,0,0,0,0,0,0,0,20160621,20160621
2025385,0,0,0,0,0,0,0,20160715,20160715
2025387,0,0,0,0,0,0,0,20160506,20160722
2025363,0,0,0,0,0,0,0,20160222,20160630
2025340,0,0,0,0,0,0,0,20160605,20160724
2025343,0,0,0,0,0,0,0,20160327,20160515
2025361,0,0,0,0,0,0,0,20160704,20160725
12025358,0,0,0,0,0,0,0,20160128,20160415
12025391,0,0,0,0,0,0,0,20160130,20160416
2025338,0,0,0,0,0,0,0,20160131,20160529
12025372,0,0,0,0,0,0,0,20160131,20160529
2025358,0,0,0,0,0,0,0,20160127,20160414
11546589,0,0,0,0,0,0,0,20160622,20160622
12025338,0,0,0,0,0,0,0,20160201,20160530
