service_id,date,exception_type
12025128,20160131,1
12025128,20160207,1
12025128,20160214,1
12025128,20160221,1
12025128,20160228,1
12025128,20160306,1
12025128,20160313,1
12025128,20160320,1
12025128,20160327,1
12025128,20160328,1
12025128,20160403,1
12025128,20160410,1
12025128,20160417,1
12025128,20160424,1
12025128,20160501,1
12025128,20160508,1
12025128,20160515,1
12025128,20160516,1
12025128,20160522,1
12025128,20160529,1
12025128,20160605,1
12025128,20160612,1
12025128,20160619,1
12025128,20160626,1
12025128,20160703,1
12025128,20160710,1
12025128,20160715,1
12025128,20160717,1
12025128,20160724,1
12025129,20160507,1
12025129,20160604,1
12025129,20160611,1
12025129,20160618,1
12025129,20160625,1
12025129,20160702,1
12025129,20160709,1
12025129,20160714,1
12025129,20160716,1
12025129,20160723,1
2025129,20160506,1
2025129,20160603,1
2025129,20160610,1
2025129,20160617,1
2025129,20160624,1
2025129,20160701,1
2025129,20160708,1
2025129,20160713,1
2025129,20160715,1
2025129,20160722,1
12025130,20160130,1
12025130,20160206,1
12025130,20160213,1
12025130,20160220,1
12025130,20160227,1
12025130,20160305,1
12025130,20160312,1
12025130,20160319,1
12025130,20160326,1
12025130,20160402,1
12025130,20160409,1
12025130,20160416,1
12025130,20160423,1
12025130,20160430,1
12025130,20160505,1
12025130,20160514,1
12025130,20160521,1
12025130,20160528,1
2025127,20160127,1
2025127,20160128,1
2025127,20160201,1
2025127,20160202,1
2025127,20160203,1
2025127,20160204,1
2025127,20160208,1
2025127,20160209,1
2025127,20160210,1
2025127,20160211,1
2025127,20160215,1
2025127,20160216,1
2025127,20160217,1
2025127,20160218,1
2025127,20160222,1
2025127,20160223,1
2025127,20160224,1
2025127,20160225,1
2025127,20160229,1
2025127,20160301,1
2025127,20160302,1
2025127,20160303,1
2025127,20160307,1
2025127,20160308,1
2025127,20160309,1
2025127,20160310,1
2025127,20160314,1
2025127,20160315,1
2025127,20160316,1
2025127,20160317,1
2025127,20160321,1
2025127,20160322,1
2025127,20160323,1
2025127,20160324,1
2025127,20160329,1
2025127,20160330,1
2025127,20160331,1
2025127,20160404,1
2025127,20160405,1
2025127,20160406,1
2025127,20160407,1
2025127,20160411,1
2025127,20160412,1
2025127,20160413,1
2025127,20160414,1
2025127,20160418,1
2025127,20160419,1
2025127,20160420,1
2025127,20160421,1
2025127,20160425,1
2025127,20160426,1
2025127,20160427,1
2025127,20160428,1
2025127,20160502,1
2025127,20160503,1
2025127,20160509,1
2025127,20160510,1
2025127,20160511,1
2025127,20160512,1
2025127,20160517,1
2025127,20160518,1
2025127,20160519,1
2025127,20160523,1
2025127,20160524,1
2025127,20160525,1
2025127,20160526,1
2025127,20160530,1
2025127,20160531,1
2025128,20160130,1
2025128,20160206,1
2025128,20160213,1
2025128,20160220,1
2025128,20160227,1
2025128,20160305,1
2025128,20160312,1
2025128,20160319,1
2025128,20160326,1
2025128,20160327,1
2025128,20160402,1
2025128,20160409,1
2025128,20160416,1
2025128,20160423,1
2025128,20160430,1
2025128,20160507,1
2025128,20160514,1
2025128,20160515,1
2025128,20160521,1
2025128,20160528,1
2025128,20160604,1
2025128,20160611,1
2025128,20160618,1
2025128,20160625,1
2025128,20160702,1
2025128,20160709,1
2025128,20160714,1
2025128,20160716,1
2025128,20160723,1
2025125,20160131,1
2025125,20160207,1
2025125,20160214,1
2025125,20160221,1
2025125,20160228,1
2025125,20160306,1
2025125,20160313,1
2025125,20160320,1
2025125,20160328,1
2025125,20160403,1
2025125,20160410,1
2025125,20160417,1
2025125,20160424,1
2025125,20160501,1
2025125,20160505,1
2025125,20160508,1
2025125,20160516,1
2025125,20160522,1
2025125,20160529,1
2025125,20160605,1
2025125,20160612,1
2025125,20160619,1
2025125,20160626,1
2025125,20160703,1
2025125,20160710,1
2025125,20160717,1
2025125,20160724,1
2025126,20160601,1
2025126,20160602,1
2025126,20160606,1
2025126,20160607,1
2025126,20160608,1
2025126,20160609,1
2025126,20160613,1
2025126,20160614,1
2025126,20160615,1
2025126,20160616,1
2025126,20160620,1
2025126,20160621,1
2025126,20160622,1
2025126,20160623,1
2025126,20160627,1
2025126,20160628,1
2025126,20160629,1
2025126,20160630,1
2025126,20160704,1
2025126,20160705,1
2025126,20160706,1
2025126,20160707,1
2025126,20160711,1
2025126,20160712,1
2025126,20160718,1
2025126,20160719,1
2025126,20160720,1
2025126,20160721,1
2025126,20160725,1
12025125,20160201,1
12025125,20160208,1
12025125,20160215,1
12025125,20160222,1
12025125,20160229,1
12025125,20160307,1
12025125,20160314,1
12025125,20160321,1
12025125,20160329,1
12025125,20160404,1
12025125,20160411,1
12025125,20160418,1
12025125,20160425,1
12025125,20160502,1
12025125,20160506,1
12025125,20160509,1
12025125,20160517,1
12025125,20160523,1
12025125,20160530,1
12025125,20160606,1
12025125,20160613,1
12025125,20160620,1
12025125,20160627,1
12025125,20160704,1
12025125,20160711,1
12025125,20160718,1
12025125,20160725,1
2025130,20160129,1
2025130,20160205,1
2025130,20160212,1
2025130,20160219,1
2025130,20160226,1
2025130,20160304,1
2025130,20160311,1
2025130,20160318,1
2025130,20160325,1
2025130,20160401,1
2025130,20160408,1
2025130,20160415,1
2025130,20160422,1
2025130,20160429,1
2025130,20160504,1
2025130,20160513,1
2025130,20160520,1
2025130,20160527,1
12025126,20160602,1
12025126,20160603,1
12025126,20160607,1
12025126,20160608,1
12025126,20160609,1
12025126,20160610,1
12025126,20160614,1
12025126,20160615,1
12025126,20160616,1
12025126,20160617,1
12025126,20160621,1
12025126,20160622,1
12025126,20160623,1
12025126,20160624,1
12025126,20160628,1
12025126,20160629,1
12025126,20160630,1
12025126,20160701,1
12025126,20160705,1
12025126,20160706,1
12025126,20160707,1
12025126,20160708,1
12025126,20160712,1
12025126,20160713,1
12025126,20160719,1
12025126,20160720,1
12025126,20160721,1
12025126,20160722,1
12025126,20160726,1
12025127,20160128,1
12025127,20160129,1
12025127,20160202,1
12025127,20160203,1
12025127,20160204,1
12025127,20160205,1
12025127,20160209,1
12025127,20160210,1
12025127,20160211,1
12025127,20160212,1
12025127,20160216,1
12025127,20160217,1
12025127,20160218,1
12025127,20160219,1
12025127,20160223,1
12025127,20160224,1
12025127,20160225,1
12025127,20160226,1
12025127,20160301,1
12025127,20160302,1
12025127,20160303,1
12025127,20160304,1
12025127,20160308,1
12025127,20160309,1
12025127,20160310,1
12025127,20160311,1
12025127,20160315,1
12025127,20160316,1
12025127,20160317,1
12025127,20160318,1
12025127,20160322,1
12025127,20160323,1
12025127,20160324,1
12025127,20160325,1
12025127,20160330,1
12025127,20160331,1
12025127,20160401,1
12025127,20160405,1
12025127,20160406,1
12025127,20160407,1
12025127,20160408,1
12025127,20160412,1
12025127,20160413,1
12025127,20160414,1
12025127,20160415,1
12025127,20160419,1
12025127,20160420,1
12025127,20160421,1
12025127,20160422,1
12025127,20160426,1
12025127,20160427,1
12025127,20160428,1
12025127,20160429,1
12025127,20160503,1
12025127,20160504,1
12025127,20160510,1
12025127,20160511,1
12025127,20160512,1
12025127,20160513,1
12025127,20160518,1
12025127,20160519,1
12025127,20160520,1
12025127,20160524,1
12025127,20160525,1
12025127,20160526,1
12025127,20160527,1
12025127,20160531,1
12025127,20160601,1
