service_id,date,exception_type
12025819,20160606,1
12025819,20160613,1
12025819,20160620,1
12025819,20160627,1
12025819,20160704,1
12025819,20160711,1
12025819,20160718,1
12025819,20160725,1
2025827,20160226,1
2025827,20160304,1
2025827,20160422,1
2025827,20160429,1
2025827,20160504,1
2025827,20160513,1
2025827,20160520,1
2025827,20160527,1
2025827,20160603,1
2025827,20160610,1
2025827,20160617,1
2025827,20160624,1
2025826,20160129,1
2025826,20160205,1
2025826,20160212,1
2025826,20160219,1
2025826,20160311,1
2025826,20160318,1
2025826,20160325,1
2025826,20160401,1
2025826,20160408,1
2025826,20160415,1
2025828,20160506,1
2025828,20160701,1
2025828,20160708,1
2025828,20160713,1
2025828,20160715,1
2025828,20160722,1
12025820,20160201,1
12025820,20160208,1
12025820,20160215,1
12025820,20160222,1
12025820,20160229,1
12025820,20160307,1
12025820,20160314,1
12025820,20160321,1
12025820,20160329,1
12025820,20160404,1
12025820,20160411,1
12025820,20160418,1
12025820,20160425,1
12025820,20160502,1
12025820,20160506,1
12025820,20160509,1
12025820,20160517,1
12025820,20160523,1
12025820,20160530,1
1132942,20160130,1
1132942,20160131,1
1132942,20160206,1
1132942,20160207,1
1132942,20160213,1
1132942,20160214,1
1132942,20160220,1
1132942,20160221,1
1132942,20160227,1
1132942,20160228,1
1132942,20160305,1
1132942,20160306,1
1132942,20160312,1
1132942,20160313,1
1132942,20160319,1
1132942,20160320,1
1132942,20160326,1
1132942,20160327,1
1132942,20160328,1
1132942,20160402,1
1132942,20160403,1
1132942,20160409,1
1132942,20160410,1
1132942,20160416,1
1132942,20160417,1
1132942,20160423,1
1132942,20160424,1
1132942,20160430,1
1132942,20160501,1
1132942,20160505,1
1132942,20160507,1
1132942,20160508,1
1132942,20160514,1
1132942,20160515,1
1132942,20160516,1
1132942,20160521,1
1132942,20160522,1
1132942,20160528,1
1132942,20160529,1
1132942,20160604,1
1132942,20160605,1
1132942,20160611,1
1132942,20160612,1
1132942,20160618,1
1132942,20160619,1
1132942,20160625,1
1132942,20160626,1
1132942,20160702,1
1132942,20160703,1
1132942,20160709,1
1132942,20160710,1
1132942,20160714,1
1132942,20160716,1
1132942,20160717,1
1132942,20160723,1
1132942,20160724,1
1132941,20160127,1
1132941,20160128,1
1132941,20160129,1
1132941,20160201,1
1132941,20160202,1
1132941,20160203,1
1132941,20160204,1
1132941,20160205,1
1132941,20160208,1
1132941,20160209,1
1132941,20160210,1
1132941,20160211,1
1132941,20160212,1
1132941,20160215,1
1132941,20160216,1
1132941,20160217,1
1132941,20160218,1
1132941,20160219,1
1132941,20160222,1
1132941,20160223,1
1132941,20160224,1
1132941,20160225,1
1132941,20160226,1
1132941,20160229,1
1132941,20160301,1
1132941,20160302,1
1132941,20160303,1
1132941,20160304,1
1132941,20160307,1
1132941,20160308,1
1132941,20160309,1
1132941,20160310,1
1132941,20160311,1
1132941,20160314,1
1132941,20160315,1
1132941,20160316,1
1132941,20160317,1
1132941,20160318,1
1132941,20160321,1
1132941,20160322,1
1132941,20160323,1
1132941,20160324,1
1132941,20160325,1
1132941,20160329,1
1132941,20160330,1
1132941,20160331,1
1132941,20160401,1
1132941,20160404,1
1132941,20160405,1
1132941,20160406,1
1132941,20160407,1
1132941,20160408,1
1132941,20160411,1
1132941,20160412,1
1132941,20160413,1
1132941,20160414,1
1132941,20160415,1
1132941,20160418,1
1132941,20160419,1
1132941,20160420,1
1132941,20160421,1
1132941,20160422,1
1132941,20160425,1
1132941,20160426,1
1132941,20160427,1
1132941,20160428,1
1132941,20160429,1
1132941,20160502,1
1132941,20160503,1
1132941,20160504,1
1132941,20160506,1
1132941,20160509,1
1132941,20160510,1
1132941,20160511,1
1132941,20160512,1
1132941,20160513,1
1132941,20160517,1
1132941,20160518,1
1132941,20160519,1
1132941,20160520,1
1132941,20160523,1
1132941,20160524,1
1132941,20160525,1
1132941,20160526,1
1132941,20160527,1
1132941,20160530,1
1132941,20160531,1
1132941,20160601,1
1132941,20160602,1
1132941,20160603,1
1132941,20160606,1
1132941,20160607,1
1132941,20160608,1
1132941,20160609,1
1132941,20160610,1
1132941,20160613,1
1132941,20160614,1
1132941,20160615,1
1132941,20160616,1
1132941,20160617,1
1132941,20160620,1
1132941,20160621,1
1132941,20160622,1
1132941,20160623,1
1132941,20160624,1
1132941,20160627,1
1132941,20160628,1
1132941,20160629,1
1132941,20160630,1
1132941,20160701,1
1132941,20160704,1
1132941,20160705,1
1132941,20160706,1
1132941,20160707,1
1132941,20160708,1
1132941,20160711,1
1132941,20160712,1
1132941,20160713,1
1132941,20160715,1
1132941,20160718,1
1132941,20160719,1
1132941,20160720,1
1132941,20160721,1
1132941,20160722,1
1132941,20160725,1
2025819,20160605,1
2025819,20160612,1
2025819,20160619,1
2025819,20160626,1
2025819,20160703,1
2025819,20160710,1
2025819,20160717,1
2025819,20160724,1
12025824,20160605,1
12025824,20160612,1
12025824,20160619,1
12025824,20160626,1
12025824,20160703,1
12025824,20160710,1
12025824,20160715,1
12025824,20160717,1
12025824,20160724,1
12025823,20160705,1
12025823,20160706,1
12025823,20160707,1
12025823,20160708,1
12025823,20160712,1
12025823,20160713,1
12025823,20160719,1
12025823,20160720,1
12025823,20160721,1
12025823,20160722,1
12025823,20160726,1
12025822,20160223,1
12025822,20160224,1
12025822,20160225,1
12025822,20160226,1
12025822,20160301,1
12025822,20160302,1
12025822,20160303,1
12025822,20160304,1
12025822,20160419,1
12025822,20160420,1
12025822,20160421,1
12025822,20160422,1
12025822,20160426,1
12025822,20160427,1
12025822,20160428,1
12025822,20160429,1
12025822,20160503,1
12025822,20160504,1
12025822,20160510,1
12025822,20160511,1
12025822,20160512,1
12025822,20160513,1
12025822,20160518,1
12025822,20160519,1
12025822,20160520,1
12025822,20160524,1
12025822,20160525,1
12025822,20160526,1
12025822,20160527,1
12025822,20160531,1
12025822,20160601,1
12025822,20160602,1
12025822,20160603,1
12025822,20160607,1
12025822,20160608,1
12025822,20160609,1
12025822,20160610,1
12025822,20160614,1
12025822,20160615,1
12025822,20160616,1
12025822,20160617,1
12025822,20160621,1
12025822,20160622,1
12025822,20160623,1
12025822,20160624,1
12025822,20160628,1
12025822,20160629,1
12025822,20160630,1
12025822,20160701,1
2025821,20160127,1
2025821,20160128,1
2025821,20160201,1
2025821,20160202,1
2025821,20160203,1
2025821,20160204,1
2025821,20160208,1
2025821,20160209,1
2025821,20160210,1
2025821,20160211,1
2025821,20160215,1
2025821,20160216,1
2025821,20160217,1
2025821,20160218,1
2025821,20160307,1
2025821,20160308,1
2025821,20160309,1
2025821,20160310,1
2025821,20160314,1
2025821,20160315,1
2025821,20160316,1
2025821,20160317,1
2025821,20160321,1
2025821,20160322,1
2025821,20160323,1
2025821,20160324,1
2025821,20160329,1
2025821,20160330,1
2025821,20160331,1
2025821,20160404,1
2025821,20160405,1
2025821,20160406,1
2025821,20160407,1
2025821,20160411,1
2025821,20160412,1
2025821,20160413,1
2025821,20160414,1
12025821,20160128,1
12025821,20160129,1
12025821,20160202,1
12025821,20160203,1
12025821,20160204,1
12025821,20160205,1
12025821,20160209,1
12025821,20160210,1
12025821,20160211,1
12025821,20160212,1
12025821,20160216,1
12025821,20160217,1
12025821,20160218,1
12025821,20160219,1
12025821,20160308,1
12025821,20160309,1
12025821,20160310,1
12025821,20160311,1
12025821,20160315,1
12025821,20160316,1
12025821,20160317,1
12025821,20160318,1
12025821,20160322,1
12025821,20160323,1
12025821,20160324,1
12025821,20160325,1
12025821,20160330,1
12025821,20160331,1
12025821,20160401,1
12025821,20160405,1
12025821,20160406,1
12025821,20160407,1
12025821,20160408,1
12025821,20160412,1
12025821,20160413,1
12025821,20160414,1
12025821,20160415,1
2025820,20160131,1
2025820,20160207,1
2025820,20160214,1
2025820,20160221,1
2025820,20160228,1
2025820,20160306,1
2025820,20160313,1
2025820,20160320,1
2025820,20160328,1
2025820,20160403,1
2025820,20160410,1
2025820,20160417,1
2025820,20160424,1
2025820,20160501,1
2025820,20160505,1
2025820,20160508,1
2025820,20160516,1
2025820,20160522,1
2025820,20160529,1
12025828,20160507,1
12025828,20160702,1
12025828,20160709,1
12025828,20160714,1
12025828,20160716,1
12025828,20160723,1
2025823,20160704,1
2025823,20160705,1
2025823,20160706,1
2025823,20160707,1
2025823,20160711,1
2025823,20160712,1
2025823,20160718,1
2025823,20160719,1
2025823,20160720,1
2025823,20160721,1
2025823,20160725,1
12025827,20160227,1
12025827,20160305,1
12025827,20160423,1
12025827,20160430,1
12025827,20160505,1
12025827,20160514,1
12025827,20160521,1
12025827,20160528,1
12025827,20160604,1
12025827,20160611,1
12025827,20160618,1
12025827,20160625,1
2025822,20160222,1
2025822,20160223,1
2025822,20160224,1
2025822,20160225,1
2025822,20160229,1
2025822,20160301,1
2025822,20160302,1
2025822,20160303,1
2025822,20160418,1
2025822,20160419,1
2025822,20160420,1
2025822,20160421,1
2025822,20160425,1
2025822,20160426,1
2025822,20160427,1
2025822,20160428,1
2025822,20160502,1
2025822,20160503,1
2025822,20160509,1
2025822,20160510,1
2025822,20160511,1
2025822,20160512,1
2025822,20160517,1
2025822,20160518,1
2025822,20160519,1
2025822,20160523,1
2025822,20160524,1
2025822,20160525,1
2025822,20160526,1
2025822,20160530,1
2025822,20160531,1
2025822,20160601,1
2025822,20160602,1
2025822,20160606,1
2025822,20160607,1
2025822,20160608,1
2025822,20160609,1
2025822,20160613,1
2025822,20160614,1
2025822,20160615,1
2025822,20160616,1
2025822,20160620,1
2025822,20160621,1
2025822,20160622,1
2025822,20160623,1
2025822,20160627,1
2025822,20160628,1
2025822,20160629,1
2025822,20160630,1
12025826,20160130,1
12025826,20160206,1
12025826,20160213,1
12025826,20160220,1
12025826,20160312,1
12025826,20160319,1
12025826,20160326,1
12025826,20160402,1
12025826,20160409,1
12025826,20160416,1
2025825,20160130,1
2025825,20160206,1
2025825,20160213,1
2025825,20160220,1
2025825,20160227,1
2025825,20160305,1
2025825,20160312,1
2025825,20160319,1
2025825,20160326,1
2025825,20160327,1
2025825,20160402,1
2025825,20160409,1
2025825,20160416,1
2025825,20160423,1
2025825,20160430,1
2025825,20160507,1
2025825,20160514,1
2025825,20160515,1
2025825,20160521,1
2025825,20160528,1
12025825,20160131,1
12025825,20160207,1
12025825,20160214,1
12025825,20160221,1
12025825,20160228,1
12025825,20160306,1
12025825,20160313,1
12025825,20160320,1
12025825,20160327,1
12025825,20160328,1
12025825,20160403,1
12025825,20160410,1
12025825,20160417,1
12025825,20160424,1
12025825,20160501,1
12025825,20160508,1
12025825,20160515,1
12025825,20160516,1
12025825,20160522,1
12025825,20160529,1
2025824,20160604,1
2025824,20160611,1
2025824,20160618,1
2025824,20160625,1
2025824,20160702,1
2025824,20160709,1
2025824,20160714,1
2025824,20160716,1
2025824,20160723,1
